8874
8517
5953
5137
4840
2616
7814
6457
3689
1890
2118
7944
7164
2855
7031
8518
9039
5339
5156
1811
7310
4018
4159
6494
7824
4181
3192
4714
3444
8996
3324
3544
1162
6893
2529
1010
7712
2175
4504
9938
2054
4744
2821
2378
9087
8253
7444
4726
1578
7368
5381
6740
9108
8645
2148
5308
1389
6715
9438
6012
2180
3494
5405
4689
8209
8734
9411
2816
1543
1545
4439
6701
4624
4614
1747
1289
5066
1824
1396
7015
7525
9716
5066
8006
4472
9682
6809
7846
3348
1792
3791
2422
1798
1139
5331
4358
5709
7398
2845
4177
